					 turbine_Performance.txt 

					 OpenProp Performance Table

Date and time: 2025-11-25 21:38:52

 r/R	 V*	 beta	 betai	 Gamma	 CL	 Sigma	 dBetai
0.278	 2.70	 27.50	 21.55	 -0.1368	 -1.033	 28.971	 15.43
0.315	 2.99	 24.67	 19.52	 -0.1855	 -1.027	 23.504	 13.98
0.352	 3.29	 22.34	 17.81	 -0.2114	 -1.023	 19.395	 12.77
0.389	 3.59	 20.40	 16.36	 -0.2268	 -1.020	 16.235	 11.74
0.426	 3.89	 18.75	 15.13	 -0.2369	 -1.017	 13.760	 10.85
0.463	 4.20	 17.35	 14.08	 -0.2440	 -1.015	 11.790	 10.08
0.500	 4.50	 16.13	 13.16	 -0.2495	 -1.013	 10.200	 9.41
0.537	 4.81	 15.07	 12.37	 -0.2542	 -1.012	 8.901	 8.82
0.574	 5.12	 14.14	 11.67	 -0.2583	 -1.011	 7.828	 8.29
0.611	 5.43	 13.31	 11.06	 -0.2623	 -1.010	 6.931	 7.82
0.648	 5.75	 12.58	 10.51	 -0.2661	 -1.009	 6.176	 7.40
0.685	 6.06	 11.92	 10.03	 -0.2700	 -1.008	 5.534	 7.03
0.722	 6.37	 11.32	 9.59	 -0.2740	 -1.008	 4.984	 6.68
0.759	 6.69	 10.78	 9.21	 -0.2779	 -1.007	 4.510	 6.37
0.796	 7.00	 10.29	 8.86	 -0.2819	 -1.007	 4.098	 6.09
0.833	 7.32	 9.84	 8.54	 -0.2857	 -1.007	 3.738	 5.83
0.870	 7.64	 9.43	 8.26	 -0.2892	 -1.006	 3.422	 5.59
0.907	 7.95	 9.05	 8.00	 -0.2922	 -1.006	 3.144	 5.37
0.944	 8.27	 8.70	 7.74	 -0.2946	 -1.006	 2.897	 5.16
0.981	 8.59	 8.38	 7.58	 -0.2952	 -1.006	 2.675	 4.97

r/R 	 [ ], radial position of control points / propeller radius.
V* 	 [m/s], total inflow velocity.
beta 	 [deg], undisturbed flow angle.
betai 	 [deg], hydrodynamic Pitch angle.
Gamma 	 [m^2/s], vortex sheet strength.
CL 	 [ ], section lift coefficient.
Sigma 	 [ ], cavitation number.
d_alpha  [deg], inflow variation bucket width.
