					 OpenProp_Performance.txt 

					 OpenProp Performance Table

Date and time: 2025-11-26 20:56:29

 r/R	 V*	 beta	 betai	 Gamma	 CL	 Sigma	 dBetai
0.468	 7.56	 10.93	 29.69	 0.0633	 0.764	 4.484	 5.01
0.495	 8.12	 10.34	 28.18	 0.0636	 0.741	 3.887	 4.87
0.523	 8.49	 9.81	 27.22	 0.0644	 0.742	 3.558	 4.70
0.550	 8.91	 9.34	 26.33	 0.0652	 0.741	 3.234	 4.54
0.577	 9.34	 8.90	 25.48	 0.0662	 0.740	 2.939	 4.39
0.605	 9.79	 8.51	 24.66	 0.0671	 0.740	 2.677	 4.25
0.632	 10.24	 8.15	 23.87	 0.0680	 0.740	 2.446	 4.11
0.659	 10.69	 7.81	 23.13	 0.0688	 0.740	 2.242	 3.99
0.686	 11.15	 7.51	 22.43	 0.0696	 0.741	 2.062	 3.87
0.714	 11.60	 7.22	 21.77	 0.0703	 0.741	 1.904	 3.76
0.741	 12.06	 6.96	 21.16	 0.0709	 0.742	 1.763	 3.65
0.768	 12.51	 6.71	 20.59	 0.0714	 0.743	 1.637	 3.55
0.795	 12.96	 6.49	 20.07	 0.0719	 0.744	 1.525	 3.45
0.823	 13.41	 6.27	 19.59	 0.0722	 0.745	 1.424	 3.35
0.850	 13.86	 6.07	 19.14	 0.0725	 0.746	 1.334	 3.26
0.877	 14.30	 5.89	 18.72	 0.0726	 0.746	 1.252	 3.18
0.905	 14.75	 5.71	 18.32	 0.0726	 0.745	 1.178	 3.10
0.932	 15.18	 5.54	 17.92	 0.0723	 0.743	 1.111	 3.02
0.959	 15.61	 5.39	 17.49	 0.0715	 0.737	 1.051	 2.95
0.986	 16.20	 5.24	 16.81	 0.0699	 0.715	 0.977	 2.89

r/R 	 [ ], radial position of control points / propeller radius.
V* 	 [m/s], total inflow velocity.
beta 	 [deg], undisturbed flow angle.
betai 	 [deg], hydrodynamic Pitch angle.
Gamma 	 [m^2/s], vortex sheet strength.
CL 	 [ ], section lift coefficient.
Sigma 	 [ ], cavitation number.
d_alpha  [deg], inflow variation bucket width.
