					 DefaultPropeller_Performance.txt 

					 OpenProp Performance Table

Date and time: 2025-11-25 14:52:53

 r/R	 V*	 beta	 betai	 Gamma	 CL	 Sigma	 dBetai
0.220	 6.78	 47.37	 52.78	 0.7045	 0.634	 5.498	 13.93
0.259	 7.36	 42.64	 48.22	 0.7442	 0.587	 4.647	 14.25
0.299	 7.97	 38.63	 44.38	 0.7978	 0.553	 3.950	 14.16
0.338	 8.63	 35.21	 40.98	 0.8531	 0.522	 3.361	 13.91
0.378	 9.31	 32.29	 37.98	 0.9053	 0.491	 2.876	 13.55
0.417	 10.02	 29.77	 35.32	 0.9522	 0.462	 2.476	 13.12
0.457	 10.75	 27.59	 32.97	 0.9926	 0.434	 2.146	 12.66
0.496	 11.49	 25.69	 30.87	 1.0259	 0.408	 1.873	 12.18
0.536	 12.24	 24.02	 29.01	 1.0516	 0.383	 1.644	 11.71
0.575	 13.00	 22.54	 27.34	 1.0693	 0.360	 1.453	 11.25
0.615	 13.77	 21.22	 25.83	 1.0786	 0.339	 1.291	 10.80
0.654	 14.54	 20.04	 24.48	 1.0788	 0.319	 1.153	 10.38
0.694	 15.32	 18.99	 23.25	 1.0690	 0.301	 1.036	 9.97
0.733	 16.11	 18.03	 22.13	 1.0480	 0.285	 0.934	 9.59
0.773	 16.90	 17.17	 21.11	 1.0140	 0.269	 0.846	 9.23
0.812	 17.69	 16.38	 20.17	 0.9643	 0.255	 0.769	 8.89
0.852	 18.49	 15.66	 19.31	 0.8951	 0.240	 0.702	 8.57
0.891	 19.29	 14.99	 18.52	 0.7999	 0.224	 0.643	 8.27
0.931	 20.09	 14.38	 17.79	 0.6660	 0.207	 0.591	 7.99
0.970	 20.90	 13.82	 17.10	 0.4614	 0.208	 0.545	 7.72

r/R 	 [ ], radial position of control points / propeller radius.
V* 	 [m/s], total inflow velocity.
beta 	 [deg], undisturbed flow angle.
betai 	 [deg], hydrodynamic Pitch angle.
Gamma 	 [m^2/s], vortex sheet strength.
CL 	 [ ], section lift coefficient.
Sigma 	 [ ], cavitation number.
d_alpha  [deg], inflow variation bucket width.
